2017/10/09-05:47:40.310805 7fffaf2653c0 RocksDB version: 5.7.3
2017/10/09-05:47:40.310830 7fffaf2653c0 Git sha rocksdb_build_git_sha:
2017/10/09-05:47:40.310832 7fffaf2653c0 Compile date Aug 30 2017
2017/10/09-05:47:40.310835 7fffaf2653c0 DB SUMMARY
2017/10/09-05:47:40.310886 7fffaf2653c0 CURRENT file:  CURRENT
2017/10/09-05:47:40.310888 7fffaf2653c0 IDENTITY file:  IDENTITY
2017/10/09-05:47:40.310894 7fffaf2653c0 MANIFEST file:  MANIFEST-000182 size: 95 Bytes
2017/10/09-05:47:40.310896 7fffaf2653c0 SST files in lab1.db dir, Total Num: 1, files: 000165.sst 
2017/10/09-05:47:40.310897 7fffaf2653c0 Write Ahead Log file in lab1.db: 000183.log size: 461 ; 
2017/10/09-05:47:40.310901 7fffaf2653c0                         Options.error_if_exists: 0
2017/10/09-05:47:40.310903 7fffaf2653c0                       Options.create_if_missing: 1
2017/10/09-05:47:40.310904 7fffaf2653c0                         Options.paranoid_checks: 1
2017/10/09-05:47:40.310905 7fffaf2653c0                                     Options.env: 0x1044e7e28
2017/10/09-05:47:40.310906 7fffaf2653c0                                Options.info_log: 0x104afb000
2017/10/09-05:47:40.310907 7fffaf2653c0                Options.max_file_opening_threads: 16
2017/10/09-05:47:40.310908 7fffaf2653c0                               Options.use_fsync: 0
2017/10/09-05:47:40.310909 7fffaf2653c0                       Options.max_log_file_size: 0
2017/10/09-05:47:40.310910 7fffaf2653c0                  Options.max_manifest_file_size: 18446744073709551615
2017/10/09-05:47:40.310911 7fffaf2653c0                   Options.log_file_time_to_roll: 0
2017/10/09-05:47:40.310912 7fffaf2653c0                       Options.keep_log_file_num: 1000
2017/10/09-05:47:40.310913 7fffaf2653c0                    Options.recycle_log_file_num: 0
2017/10/09-05:47:40.310914 7fffaf2653c0                         Options.allow_fallocate: 1
2017/10/09-05:47:40.310914 7fffaf2653c0                        Options.allow_mmap_reads: 0
2017/10/09-05:47:40.310915 7fffaf2653c0                       Options.allow_mmap_writes: 0
2017/10/09-05:47:40.310916 7fffaf2653c0                        Options.use_direct_reads: 0
2017/10/09-05:47:40.310917 7fffaf2653c0                        Options.use_direct_io_for_flush_and_compaction: 0
2017/10/09-05:47:40.310918 7fffaf2653c0          Options.create_missing_column_families: 0
2017/10/09-05:47:40.310919 7fffaf2653c0                              Options.db_log_dir: 
2017/10/09-05:47:40.310920 7fffaf2653c0                                 Options.wal_dir: lab1.db
2017/10/09-05:47:40.310921 7fffaf2653c0                Options.table_cache_numshardbits: 6
2017/10/09-05:47:40.310921 7fffaf2653c0                      Options.max_subcompactions: 1
2017/10/09-05:47:40.310922 7fffaf2653c0                  Options.max_background_flushes: -1
2017/10/09-05:47:40.310923 7fffaf2653c0                         Options.WAL_ttl_seconds: 0
2017/10/09-05:47:40.310924 7fffaf2653c0                       Options.WAL_size_limit_MB: 0
2017/10/09-05:47:40.310925 7fffaf2653c0             Options.manifest_preallocation_size: 4194304
2017/10/09-05:47:40.310926 7fffaf2653c0                     Options.is_fd_close_on_exec: 1
2017/10/09-05:47:40.310927 7fffaf2653c0                   Options.advise_random_on_open: 1
2017/10/09-05:47:40.310928 7fffaf2653c0                    Options.db_write_buffer_size: 0
2017/10/09-05:47:40.310929 7fffaf2653c0         Options.access_hint_on_compaction_start: 1
2017/10/09-05:47:40.310929 7fffaf2653c0  Options.new_table_reader_for_compaction_inputs: 0
2017/10/09-05:47:40.310930 7fffaf2653c0               Options.compaction_readahead_size: 0
2017/10/09-05:47:40.310931 7fffaf2653c0           Options.random_access_max_buffer_size: 1048576
2017/10/09-05:47:40.310932 7fffaf2653c0           Options.writable_file_max_buffer_size: 1048576
2017/10/09-05:47:40.310933 7fffaf2653c0                      Options.use_adaptive_mutex: 0
2017/10/09-05:47:40.310934 7fffaf2653c0                            Options.rate_limiter: 0x0
2017/10/09-05:47:40.310935 7fffaf2653c0     Options.sst_file_manager.rate_bytes_per_sec: 0
2017/10/09-05:47:40.310936 7fffaf2653c0                          Options.bytes_per_sync: 0
2017/10/09-05:47:40.310944 7fffaf2653c0                      Options.wal_bytes_per_sync: 0
2017/10/09-05:47:40.310945 7fffaf2653c0                       Options.wal_recovery_mode: 2
2017/10/09-05:47:40.310946 7fffaf2653c0                  Options.enable_thread_tracking: 0
2017/10/09-05:47:40.310947 7fffaf2653c0                  Options.enable_pipelined_write: 0
2017/10/09-05:47:40.310948 7fffaf2653c0         Options.allow_concurrent_memtable_write: 1
2017/10/09-05:47:40.310949 7fffaf2653c0      Options.enable_write_thread_adaptive_yield: 1
2017/10/09-05:47:40.310950 7fffaf2653c0             Options.write_thread_max_yield_usec: 100
2017/10/09-05:47:40.310951 7fffaf2653c0            Options.write_thread_slow_yield_usec: 3
2017/10/09-05:47:40.310951 7fffaf2653c0                               Options.row_cache: None
2017/10/09-05:47:40.310952 7fffaf2653c0                              Options.wal_filter: None
2017/10/09-05:47:40.310953 7fffaf2653c0             Options.avoid_flush_during_recovery: 0
2017/10/09-05:47:40.310954 7fffaf2653c0             Options.allow_ingest_behind: 0
2017/10/09-05:47:40.310955 7fffaf2653c0             Options.concurrent_prepare: 0
2017/10/09-05:47:40.310956 7fffaf2653c0             Options.manual_wal_flush: 0
2017/10/09-05:47:40.310957 7fffaf2653c0             Options.max_background_jobs: 2
2017/10/09-05:47:40.310957 7fffaf2653c0             Options.max_background_compactions: -1
2017/10/09-05:47:40.310958 7fffaf2653c0             Options.avoid_flush_during_shutdown: 0
2017/10/09-05:47:40.310959 7fffaf2653c0             Options.delayed_write_rate : 16777216
2017/10/09-05:47:40.310960 7fffaf2653c0             Options.max_total_wal_size: 0
2017/10/09-05:47:40.310961 7fffaf2653c0             Options.delete_obsolete_files_period_micros: 21600000000
2017/10/09-05:47:40.310962 7fffaf2653c0                   Options.stats_dump_period_sec: 600
2017/10/09-05:47:40.310963 7fffaf2653c0                          Options.max_open_files: -1
2017/10/09-05:47:40.310964 7fffaf2653c0 Compression algorithms supported:
2017/10/09-05:47:40.310965 7fffaf2653c0 	Snappy supported: 1
2017/10/09-05:47:40.310966 7fffaf2653c0 	Zlib supported: 1
2017/10/09-05:47:40.310967 7fffaf2653c0 	Bzip supported: 1
2017/10/09-05:47:40.310967 7fffaf2653c0 	LZ4 supported: 1
2017/10/09-05:47:40.310968 7fffaf2653c0 	ZSTD supported: 0
2017/10/09-05:47:40.310969 7fffaf2653c0 Fast CRC32 supported: 0
2017/10/09-05:47:40.311019 7fffaf2653c0 [db/version_set.cc:2712] Recovering from manifest file: MANIFEST-000182
2017/10/09-05:47:40.311048 7fffaf2653c0 [db/column_family.cc:413] --------------- Options for column family [default]:
2017/10/09-05:47:40.311050 7fffaf2653c0               Options.comparator: leveldb.BytewiseComparator
2017/10/09-05:47:40.311051 7fffaf2653c0           Options.merge_operator: None
2017/10/09-05:47:40.311052 7fffaf2653c0        Options.compaction_filter: None
2017/10/09-05:47:40.311053 7fffaf2653c0        Options.compaction_filter_factory: None
2017/10/09-05:47:40.311054 7fffaf2653c0         Options.memtable_factory: SkipListFactory
2017/10/09-05:47:40.311055 7fffaf2653c0            Options.table_factory: BlockBasedTable
2017/10/09-05:47:40.311076 7fffaf2653c0            table_factory options:   flush_block_policy_factory: FlushBlockBySizePolicyFactory (0x103872058)
  cache_index_and_filter_blocks: 0
  cache_index_and_filter_blocks_with_high_priority: 0
  pin_l0_filter_and_index_blocks_in_cache: 0
  index_type: 0
  hash_index_allow_collision: 1
  checksum: 1
  no_block_cache: 0
  block_cache: 0x10386df18
  block_cache_name: LRUCache
  block_cache_options:
    capacity : 8388608
    num_shard_bits : 4
    strict_capacity_limit : 0
    high_pri_pool_ratio: 0.000
  block_cache_compressed: 0x0
  persistent_cache: 0x0
  block_size: 4096
  block_size_deviation: 10
  block_restart_interval: 16
  index_block_restart_interval: 1
  filter_policy: nullptr
  whole_key_filtering: 1
  format_version: 2
2017/10/09-05:47:40.311080 7fffaf2653c0        Options.write_buffer_size: 67108864
2017/10/09-05:47:40.311081 7fffaf2653c0  Options.max_write_buffer_number: 2
2017/10/09-05:47:40.311090 7fffaf2653c0          Options.compression: Snappy
2017/10/09-05:47:40.311091 7fffaf2653c0                  Options.bottommost_compression: Disabled
2017/10/09-05:47:40.311092 7fffaf2653c0       Options.prefix_extractor: nullptr
2017/10/09-05:47:40.311093 7fffaf2653c0   Options.memtable_insert_with_hint_prefix_extractor: nullptr
2017/10/09-05:47:40.311094 7fffaf2653c0             Options.num_levels: 7
2017/10/09-05:47:40.311095 7fffaf2653c0        Options.min_write_buffer_number_to_merge: 1
2017/10/09-05:47:40.311096 7fffaf2653c0     Options.max_write_buffer_number_to_maintain: 0
2017/10/09-05:47:40.311097 7fffaf2653c0            Options.compression_opts.window_bits: -14
2017/10/09-05:47:40.311098 7fffaf2653c0                  Options.compression_opts.level: -1
2017/10/09-05:47:40.311098 7fffaf2653c0               Options.compression_opts.strategy: 0
2017/10/09-05:47:40.311099 7fffaf2653c0         Options.compression_opts.max_dict_bytes: 0
2017/10/09-05:47:40.311100 7fffaf2653c0      Options.level0_file_num_compaction_trigger: 4
2017/10/09-05:47:40.311101 7fffaf2653c0          Options.level0_slowdown_writes_trigger: 20
2017/10/09-05:47:40.311102 7fffaf2653c0              Options.level0_stop_writes_trigger: 36
2017/10/09-05:47:40.311103 7fffaf2653c0                   Options.target_file_size_base: 67108864
2017/10/09-05:47:40.311104 7fffaf2653c0             Options.target_file_size_multiplier: 1
2017/10/09-05:47:40.311105 7fffaf2653c0                Options.max_bytes_for_level_base: 268435456
2017/10/09-05:47:40.311105 7fffaf2653c0 Options.level_compaction_dynamic_level_bytes: 0
2017/10/09-05:47:40.311106 7fffaf2653c0          Options.max_bytes_for_level_multiplier: 10.000000
2017/10/09-05:47:40.311108 7fffaf2653c0 Options.max_bytes_for_level_multiplier_addtl[0]: 1
2017/10/09-05:47:40.311109 7fffaf2653c0 Options.max_bytes_for_level_multiplier_addtl[1]: 1
2017/10/09-05:47:40.311110 7fffaf2653c0 Options.max_bytes_for_level_multiplier_addtl[2]: 1
2017/10/09-05:47:40.311111 7fffaf2653c0 Options.max_bytes_for_level_multiplier_addtl[3]: 1
2017/10/09-05:47:40.311112 7fffaf2653c0 Options.max_bytes_for_level_multiplier_addtl[4]: 1
2017/10/09-05:47:40.311113 7fffaf2653c0 Options.max_bytes_for_level_multiplier_addtl[5]: 1
2017/10/09-05:47:40.311114 7fffaf2653c0 Options.max_bytes_for_level_multiplier_addtl[6]: 1
2017/10/09-05:47:40.311115 7fffaf2653c0       Options.max_sequential_skip_in_iterations: 8
2017/10/09-05:47:40.311116 7fffaf2653c0                    Options.max_compaction_bytes: 1677721600
2017/10/09-05:47:40.311117 7fffaf2653c0                        Options.arena_block_size: 8388608
2017/10/09-05:47:40.311117 7fffaf2653c0   Options.soft_pending_compaction_bytes_limit: 68719476736
2017/10/09-05:47:40.311118 7fffaf2653c0   Options.hard_pending_compaction_bytes_limit: 274877906944
2017/10/09-05:47:40.311119 7fffaf2653c0       Options.rate_limit_delay_max_milliseconds: 100
2017/10/09-05:47:40.311120 7fffaf2653c0                Options.disable_auto_compactions: 0
2017/10/09-05:47:40.311121 7fffaf2653c0                        Options.compaction_style: kCompactionStyleLevel
2017/10/09-05:47:40.311122 7fffaf2653c0                          Options.compaction_pri: kByCompensatedSize
2017/10/09-05:47:40.311123 7fffaf2653c0 Options.compaction_options_universal.size_ratio: 1
2017/10/09-05:47:40.311124 7fffaf2653c0 Options.compaction_options_universal.min_merge_width: 2
2017/10/09-05:47:40.311125 7fffaf2653c0 Options.compaction_options_universal.max_merge_width: 4294967295
2017/10/09-05:47:40.311126 7fffaf2653c0 Options.compaction_options_universal.max_size_amplification_percent: 200
2017/10/09-05:47:40.311127 7fffaf2653c0 Options.compaction_options_universal.compression_size_percent: -1
2017/10/09-05:47:40.311128 7fffaf2653c0 Options.compaction_options_universal.stop_style: kCompactionStopStyleTotalSize
2017/10/09-05:47:40.311129 7fffaf2653c0 Options.compaction_options_fifo.max_table_files_size: 1073741824
2017/10/09-05:47:40.311130 7fffaf2653c0 Options.compaction_options_fifo.allow_compaction: 0
2017/10/09-05:47:40.311135 7fffaf2653c0 Options.compaction_options_fifo.ttl: 0
2017/10/09-05:47:40.311136 7fffaf2653c0                   Options.table_properties_collectors: 
2017/10/09-05:47:40.311137 7fffaf2653c0                   Options.inplace_update_support: 0
2017/10/09-05:47:40.311138 7fffaf2653c0                 Options.inplace_update_num_locks: 10000
2017/10/09-05:47:40.311139 7fffaf2653c0               Options.memtable_prefix_bloom_size_ratio: 0.000000
2017/10/09-05:47:40.311140 7fffaf2653c0   Options.memtable_huge_page_size: 0
2017/10/09-05:47:40.311141 7fffaf2653c0                           Options.bloom_locality: 0
2017/10/09-05:47:40.311142 7fffaf2653c0                    Options.max_successive_merges: 0
2017/10/09-05:47:40.311143 7fffaf2653c0                Options.optimize_filters_for_hits: 0
2017/10/09-05:47:40.311143 7fffaf2653c0                Options.paranoid_file_checks: 0
2017/10/09-05:47:40.311144 7fffaf2653c0                Options.force_consistency_checks: 0
2017/10/09-05:47:40.311145 7fffaf2653c0                Options.report_bg_io_stats: 0
2017/10/09-05:47:40.311802 7fffaf2653c0 [db/version_set.cc:2969] Recovered from manifest file:lab1.db/MANIFEST-000182 succeeded,manifest_file_number is 182, next_file_number is 184, last_sequence is 14, log_number is 0,prev_log_number is 0,max_column_family is 0
2017/10/09-05:47:40.311807 7fffaf2653c0 [db/version_set.cc:2977] Column family [default] (ID 0), log number is 181
2017/10/09-05:47:40.311916 7fffaf2653c0 EVENT_LOG_v1 {"time_micros": 1507553260311881, "job": 1, "event": "recovery_started", "log_files": [183]}
2017/10/09-05:47:40.311923 7fffaf2653c0 [db/db_impl_open.cc:506] Recovering log #183 mode 2
2017/10/09-05:47:40.313892 7fffaf2653c0 EVENT_LOG_v1 {"time_micros": 1507553260313880, "cf_name": "default", "job": 1, "event": "table_file_creation", "file_number": 184, "file_size": 920, "table_properties": {"data_size": 27, "index_size": 27, "filter_size": 0, "raw_key_size": 11, "raw_average_key_size": 11, "raw_value_size": 0, "raw_average_value_size": 0, "num_data_blocks": 1, "num_entries": 1, "filter_policy_name": "", "kDeletedKeys": "1", "kMergeOperands": "0"}}
2017/10/09-05:47:40.313933 7fffaf2653c0 [db/version_set.cc:2498] Creating manifest 185
2017/10/09-05:47:40.314897 7fffaf2653c0 EVENT_LOG_v1 {"time_micros": 1507553260314891, "job": 1, "event": "recovery_finished"}
2017/10/09-05:47:40.316198 7fffaf2653c0 [db/db_impl_open.cc:1111] DB pointer 0x104acbc00
